TRACK 200.0
-1010.0 1044.9
-623.1 242.2
-293.9 -93.8
END

TRACK 150.0
-84.0 -269.3
167.0 -418.6
261.6 -620.2
500.3 -493.3
1105.3 -194.6
1554.4 -60.2
1805.4 -7.9
1916.5 201.1
2340.4 305.7
2768.4 671.5
3064.7 959.0
3414.5 959.0
3607.9 589.4
3566.8 272.1
3509.2 74.2
3587.3 -127.4
3756.1 -164.7
4938.0 -255.1
5221.2 -233.2
5365.8 -107.5
5371.8 72.9
5160.9 187.6
5028.4 231.4
4956.1 461.0
5058.5 624.9
5094.7 761.6
5034.4 936.5
4926.0 1138.7
5016.3 1330.1
5305.5 1297.3
5522.5 1149.7
5558.6 903.7
5576.7 624.9
5612.8 357.1
5630.9 258.7
5739.4 198.6
5890.0 198.6
6263.6 461.0
6414.2 592.1
6622.9 783.5
6405.9 1007.6
5845.6 1543.2
5472.0 1805.6
5041.2 1884.0
4113.4 1714.6
3101.1 1375.7
2456.4 1075.1
2125.0 960.3
1914.2 971.2
1805.7 1146.1
1721.4 1255.4
1293.6 1146.1
1528.5 752.6
1227.3 594.0
805.5 271.5
576.6 129.4
389.8 113.0
136.7 233.3
52.4 359.0
-122.4 621.4
-224.8 823.6
-146.5 1047.7
-68.1 1151.6
-110.3 1359.3
-254.9 1528.7
-399.5 1780.2
-532.1 1971.5
-845.4 1752.9
-1086.4 2162.8
-1090.6 2761.6
-861.6 3051.3
-927.9 3362.9
-1379.8 3253.5
-1759.4 3111.4
-2393.1 2872.7
-2531.6 2692.3
-2435.2 2544.7
-2290.6 2495.5
-2127.9 2462.7
-1929.1 2364.3
-1609.8 2074.6
-1441.1 1620.9
END

BARRIER
-429.7 -246.9
-170.5 -399.9
END

BARRIER
-154.0 40.6
2.4 -149.8
END

BARRIER
-1187.1 951.4
-1253.4 1053.4
-1305.2 1197.2
-1296.6 1280.8
-1190.0 1390.7
-1068.9 1401.1
-916.2 1335.7
-821.1 1121.4
END

BARRIER
-1581.9 1571.0
-1527.1 1422.0
-1432.0 1348.8
-1345.6 1327.9
-1270.7 1359.3
-1224.6 1513.5
-1299.5 1673.0
END

FINISH -1445.2 1620.2

SPAWNS
-1121.4 1009.2
-1047.8 1044.6
-974.3 1076.0
-900.7 1107.4
END

COINS
6342.1 426.7
6476.2 582.1
6506.0 807.8
6442.1 1042.0
6263.3 1246.3
-1894.3 3059.0
-709.9 245.7
-587.1 90.6
-651.7 295.2
-531.1 155.2
-600.0 351.2
-466.5 174.6
-537.6 400.7
-410.5 200.5
-85.8 -307.9
63.1 -414.5
278.1 -492.3
479.4 -495.7
685.9 -473.7
895.8 -389.1
1068.4 -292.6
1251.2 -218.2
2716.9 713.0
2842.4 805.6
3105.8 875.5
3323.9 861.1
3472.1 723.3
3537.9 439.3
3546.2 151.2
3649.0 -89.5
4793.1 -330.6
5172.2 -302.8
5354.1 -95.6
5232.8 139.4
5078.6 316.3
5043.3 609.5
4990.2 950.7
5005.4 1246.4
5137.8 1788.4
4802.9 1856.0
4511.0 1846.8
4314.3 1711.6
4083.8 1585.6
3764.3 1576.4
3484.6 1576.4
3257.2 1410.5
3079.0 1259.9
2741.0 1167.7
2334.5 950.7
2041.0 991.5
1765.4 1119.1
1589.3 1154.9
1454.1 1027.3
1400.5 767.0
1255.0 519.4
77.4 196.7
-54.6 366.8
-156.2 534.3
-245.0 709.5
-38.1 1350.3
-157.6 1515.5
-266.2 1671.9
-374.8 1834.9
6180.3 318.1
END
