TRACK 150.0
0.0 0.0
300.0 700.0
1000.0 1000.0
END

FINISH 1200.0 1200.0

SPAWNS
0.0 -50.0
50.0 -50.0
0.0 50.0
50.0 50.0
END

COINS
1235.7 1111.4
1189.1 1129.6
1126.8 1171.1
1093.1 1202.2
1072.3 1220.3
1067.2 1225.5
1064.6 1228.1
1064.6 1228.1
1064.6 1228.1
846.7 862.4
911.5 885.7
997.1 914.3
1025.7 922.1
1067.2 932.4
1100.9 942.8
1137.2 955.8
1178.7 973.9
1228.0 986.9
1256.5 997.3
1256.5 999.9
1259.1 999.9
1259.1 999.9
1259.1 999.9
1253.9 1005.1
1235.7 1015.4
1183.9 1031.0
1147.6 1036.2
1082.7 1049.2
1064.6 1051.7
1064.6 1051.7
1064.6 1051.7
1064.6 1051.7
1064.6 1051.7
1064.6 1051.7
1056.8 1064.7
1033.4 1108.8
1010.1 1152.9
991.9 1191.8
984.2 1210.0
984.2 1215.2
981.6 1230.7
991.9 1277.4
1007.5 1300.7
1028.2 1321.5
1046.4 1334.5
1080.1 1352.6
1155.3 1376.0
1202.0 1383.7
1295.4 1391.5
1365.4 1388.9
1417.3 1370.8
1461.4 1331.9
1479.6 1300.7
1487.3 1272.2
1487.3 1256.7
1482.2 1225.5
1466.6 1191.8
1445.8 1160.7
1404.3 1119.2
1383.6 1108.8
1360.2 1103.6
1339.5 1098.4
1300.6 1095.8
1266.9 1098.4
END
