# Example configuration for track, coins and spawns
# Sections: TRACK <width>, BARRIER, FINISH x y, SPAWNS, COINS, END

TRACK 310.0
-77.7 -140.6
-77.7 319.3
-75.4 692.8
END

TRACK 260.0
-85.0 987.6
-76.7 1194.4
-10.6 1467.3
369.9 1628.6
692.5 1463.2
787.6 1037.2
783.5 297.0
1179.8 -6.9
1532.1 499.5
1576.1 1176.6
1427.5 2249.9
375.1 2369.5
-482.1 2244.9
-1156.1 2640.5
-870.4 3241.3
389.7 3299.9
1327.5 3256.0
1964.9 3058.1
2983.2 1036.1
2946.6 -399.8
2975.9 -898.0
3203.0 -1125.1
3488.7 -1205.7
3708.5 -1029.9
3818.4 -722.2
3840.4 -297.3
END

BARRIER
229.3 689.9
167.3 966.9
END

BARRIER
-378.6 714.7
-345.5 958.7
END

TRACK 200.0
3855.0 -128.8
3855.0 208.2
3877.0 515.9
3899.0 838.3
3950.3 1175.3
3964.9 1453.7
3803.8 1805.4
3474.1 2164.3
3386.2 2538.0
3503.4 2904.3
3855.0 3087.5
4338.6 3197.3
4778.2 3234.0
5335.0 3285.3
5723.2 3190.0
5811.2 2794.4
5562.1 2523.3
5232.4 2435.4
4748.9 2369.5
4463.1 2332.8
4309.3 1981.2
4455.8 1695.5
4741.5 1578.2
4983.3 1563.6
5151.8 1563.6
5459.5 1497.7
5701.3 1190.0
5796.5 809.0
5723.2 369.4
5518.1 -216.7
5144.5 -575.7
4814.8 -971.3
4595.0 -1279.0
4331.3 -1645.3
4023.6 -1865.1
3649.9 -2018.9
3232.3 -2084.9
2836.7 -2084.9
2602.3 -1967.7
2404.4 -1601.4
2309.2 -1337.6
2243.3 -942.0
2206.6 -766.2
2096.7 -502.4
1723.1 -553.7
1474.0 -773.5
1320.2 -1117.8
1078.4 -1498.8
558.2 -1755.2
-474.8 -1747.9
-892.4 -942.0
END

TRACK 150.0
-993.5 -789.6
-1066.0 -585.2
-1099.0 -420.4
-1099.0 -262.1
-1303.4 -150.0
-1474.8 -84.1
END

TRACK 190.0
-1679.2 8.2
-1877.0 87.4
-2008.9 311.5
-2055.0 700.6
-2127.6 1155.5
-2121.0 1472.0
-2088.0 1808.3
-1725.4 1933.6
-1389.1 1887.4
-1171.5 1722.6
-1079.2 1287.4
-1052.8 852.2
-1039.6 463.2
END

BARRIER
3582.5 -268.7
3655.0 -123.6
END

BARRIER
4103.4 -321.5
4044.1 -143.4
END

BARRIER
-1072.6 -1027.0
-1125.3 -835.8
END

BARRIER
-716.5 -868.7
-848.4 -743.4
END

BARRIER
-1534.1 -229.1
-1758.3 -183.0
END

BARRIER
-1415.5 61.0
-1580.3 166.5
END

BARRIER
-387.9 -142.2
-352.9 -320.9
-198.7 -415.5
-48.0 -457.6
88.7 -447.1
172.8 -415.5
235.8 -131.7
END

BARRIER
-1242.8 473.3
-1214.8 319.4
-1126.2 216.8
-1005.0 188.8
-921.0 188.8
-874.4 296.1
-846.4 478.0
END

FINISH -1046.9 468.7

SPAWNS
-287.8 -65.9
-152.4 -68.2
-5.4 -70.6
132.4 -70.6
END

# Example coin positions (first 16 shown, fill up to desired count)
COINS
-50.0 -50.0
0.0 -50.0
50.0 -50.0
100.0 -50.0
-50.0 0.0
0.0 0.0
50.0 0.0
100.0 0.0
-50.0 50.0
0.0 50.0
50.0 50.0
100.0 50.0
-50.0 100.0
0.0 100.0
50.0 100.0
100.0 100.0
END
