TRACK 150.0
0.0 0.0
300.0 700.0
1000.0 1000.0
1738.0 723.4
1578.5 -9.5
188.6 -829.8
-745.6 -544.9
-745.6 275.3
END

FINISH 1200.0 1200.0

SPAWNS
0.0 -50.0
50.0 -50.0
0.0 50.0
50.0 50.0
END

COINS
594.9 294.3
572.2 317.1
560.8 328.5
534.2 351.3
515.2 366.5
503.8 370.3
500.0 370.3
496.2 366.5
465.8 320.9
427.8 271.5
389.9 207.0
382.3 184.2
378.5 172.8
378.5 165.2
374.7 157.6
367.1 146.2
367.1 142.4
367.1 142.4
313.9 39.9
310.1 28.5
310.1 13.3
310.1 1.9
310.1 -9.5
310.1 -17.1
313.9 -28.5
321.5 -39.9
332.9 -51.3
340.5 -58.9
363.3 -81.6
378.5 -89.2
386.1 -93.0
389.9 -96.8
393.7 -96.8
401.3 -96.8
405.1 -96.8
424.0 -89.2
458.2 -77.9
484.8 -62.7
515.2 -43.7
538.0 -28.5
545.6 -20.9
553.2 -5.7
553.2 5.7
553.2 24.7
553.2 28.5
553.2 28.5
553.2 28.5
564.6 24.7
606.3 5.7
655.7 -13.3
697.5 -28.5
720.3 -28.5
724.1 -28.5
731.6 -24.7
743.0 -9.5
750.6 24.7
754.4 58.9
750.6 93.0
739.2 127.2
716.5 161.4
689.9 195.6
659.5 225.9
636.7 252.5
617.7 271.5
END
